% latex table generated in R 3.3.2 by xtable 1.8-2 package
% Thu Feb  1 21:36:01 2018
\begin{table}[ht]
\centering
\begin{tabular}{rrrrrrr}
  \hline
 & Gross Rev & Gross Rev/Lawyer & Gross Rev/Eq Partner & NOI & NOI/Lawyer & NOI/Eq Partner \\ 
  \hline
Gross Rev & 1.000 & 0.547 & 0.626 & 0.955 & 0.427 & 0.603 \\ 
  Gross Rev/Lawyer & 0.547 & 1.000 & 0.821 & 0.606 & 0.909 & 0.905 \\ 
  Gross Rev/Eq Partner & 0.626 & 0.821 & 1.000 & 0.601 & 0.614 & 0.885 \\ 
  NOI & 0.955 & 0.606 & 0.601 & 1.000 & 0.566 & 0.685 \\ 
  NOI/Lawyer & 0.427 & 0.909 & 0.614 & 0.566 & 1.000 & 0.867 \\ 
  NOI/Eq Partner & 0.603 & 0.905 & 0.885 & 0.685 & 0.867 & 1.000 \\ 
  Lawyers & 0.890 & 0.224 & 0.373 & 0.776 & 0.124 & 0.297 \\ 
  Leverage & 0.403 & 0.289 & 0.740 & 0.285 & 0.050 & 0.438 \\ 
  M\&A Revenue & 0.523 & 0.478 & 0.434 & 0.584 & 0.485 & 0.530 \\ 
  Equity Revenue & 0.201 & 0.146 & 0.176 & 0.197 & 0.116 & 0.174 \\ 
  IPO Revenue & 0.273 & 0.223 & 0.203 & 0.299 & 0.221 & 0.244 \\ 
  M\&A NumOfDeals & 0.727 & 0.403 & 0.427 & 0.728 & 0.353 & 0.452 \\ 
  Equity Issues & 0.286 & 0.143 & 0.174 & 0.261 & 0.105 & 0.164 \\ 
  IPO Issues & 0.278 & 0.106 & 0.128 & 0.293 & 0.101 & 0.150 \\ 
   \hline
\end{tabular}
\end{table}
