% latex table generated in R 3.3.2 by xtable 1.8-2 package
% Thu Jan 18 14:13:06 2018
\begin{table}[ht]
\centering
\begin{tabular}{rrrrrrr}
  \hline
 & NOI & NOI/Lawyer & NOI/Eq Partner & M\&A Revenue & IPO Revenue & Equity Revenue \\ 
  \hline
Lawyers & 0.776 & 0.124 & 0.297 & 0.350 & 0.189 & 0.149 \\ 
  Leverage & 0.285 & 0.050 & 0.438 & 0.172 & 0.088 & 0.115 \\ 
  Gross Rev & 0.955 & 0.427 & 0.603 & 0.523 & 0.273 & 0.201 \\ 
  Gross Rev/Lawyer & 0.606 & 0.909 & 0.905 & 0.478 & 0.223 & 0.146 \\ 
  Gross Rev/Eq Partner & 0.601 & 0.614 & 0.885 & 0.434 & 0.203 & 0.176 \\ 
  NOI & 1.000 & 0.566 & 0.685 & 0.584 & 0.299 & 0.197 \\ 
  NOI/Lawyer & 0.566 & 1.000 & 0.867 & 0.485 & 0.221 & 0.116 \\ 
  NOI/Eq Partner & 0.685 & 0.867 & 1.000 & 0.530 & 0.244 & 0.174 \\ 
  M\&A Revenue & 0.584 & 0.485 & 0.530 & 1.000 & 0.396 & 0.189 \\ 
  IPO Revenue & 0.299 & 0.221 & 0.244 & 0.396 & 1.000 & 0.132 \\ 
  Equity Revenue & 0.197 & 0.116 & 0.174 & 0.189 & 0.132 & 1.000 \\ 
   \hline
\end{tabular}
\end{table}
