% latex table generated in R 3.3.2 by xtable 1.8-2 package
% Wed Mar 14 08:56:25 2018
\begin{table}[ht]
\centering
\begin{tabular}{rrrrrrrrrrrrrrrrr}
  \hline
 & (1) & (2) & (3) & (4) & (5) & (6) & (7) & (8) & (9) & (10) & (11) & (12) & (13) & (14) & (15) & (16) \\ 
  \hline
Gross Rev (1) & 1.000 & 0.547 & 0.626 & 0.955 & 0.427 & 0.603 & 0.890 & 0.403 & 0.728 & 0.523 & 0.201 & 0.273 & 0.727 & 0.286 & 0.278 & 0.427 \\ 
  Gross Rev/Lawyer (2) & 0.547 & 1.000 & 0.821 & 0.606 & 0.909 & 0.905 & 0.224 & 0.289 & 0.095 & 0.478 & 0.146 & 0.223 & 0.403 & 0.143 & 0.106 & 0.629 \\ 
  Gross Rev/Eq Partner (3) & 0.626 & 0.821 & 1.000 & 0.601 & 0.614 & 0.885 & 0.373 & 0.740 & 0.068 & 0.434 & 0.176 & 0.203 & 0.427 & 0.174 & 0.128 & 0.582 \\ 
  NOI (4) & 0.955 & 0.606 & 0.601 & 1.000 & 0.566 & 0.685 & 0.776 & 0.285 & 0.685 & 0.584 & 0.197 & 0.299 & 0.728 & 0.261 & 0.293 & 0.391 \\ 
  NOI/Lawyer (5) & 0.427 & 0.909 & 0.614 & 0.566 & 1.000 & 0.867 & 0.124 & 0.050 & 0.091 & 0.485 & 0.116 & 0.221 & 0.353 & 0.105 & 0.101 & 0.427 \\ 
  NOI/Eq Partner (6) & 0.603 & 0.905 & 0.885 & 0.685 & 0.867 & 1.000 & 0.297 & 0.438 & 0.102 & 0.530 & 0.174 & 0.244 & 0.452 & 0.164 & 0.150 & 0.489 \\ 
  Lawyers (7) & 0.890 & 0.224 & 0.373 & 0.776 & 0.124 & 0.297 & 1.000 & 0.369 & 0.861 & 0.350 & 0.149 & 0.189 & 0.623 & 0.243 & 0.237 & 0.255 \\ 
  Leverage (8) & 0.403 & 0.289 & 0.740 & 0.285 & 0.050 & 0.438 & 0.369 & 1.000 & -0.022 & 0.172 & 0.115 & 0.088 & 0.241 & 0.118 & 0.080 & 0.315 \\ 
  Eq Partners (9) & 0.728 & 0.095 & 0.068 & 0.685 & 0.091 & 0.102 & 0.861 & -0.022 & 1.000 & 0.282 & 0.100 & 0.154 & 0.550 & 0.194 & 0.215 & 0.143 \\ 
  MnA Deal Value (10) & 0.523 & 0.478 & 0.434 & 0.584 & 0.485 & 0.530 & 0.350 & 0.172 & 0.282 & 1.000 & 0.189 & 0.396 & 0.641 & 0.193 & 0.292 & 0.128 \\ 
  Equity Deal Value (11) & 0.201 & 0.146 & 0.176 & 0.197 & 0.116 & 0.174 & 0.149 & 0.115 & 0.100 & 0.189 & 1.000 & 0.132 & 0.162 & 0.751 & 0.118 & 0.039 \\ 
  IPO Deal Value (12) & 0.273 & 0.223 & 0.203 & 0.299 & 0.221 & 0.244 & 0.189 & 0.088 & 0.154 & 0.396 & 0.132 & 1.000 & 0.367 & 0.169 & 0.483 & 0.019 \\ 
  MnA Transactions (13) & 0.727 & 0.403 & 0.427 & 0.728 & 0.353 & 0.452 & 0.623 & 0.241 & 0.550 & 0.641 & 0.162 & 0.367 & 1.000 & 0.243 & 0.432 & 0.184 \\ 
  Equity Transactions (14) & 0.286 & 0.143 & 0.174 & 0.261 & 0.105 & 0.164 & 0.243 & 0.118 & 0.194 & 0.193 & 0.751 & 0.169 & 0.243 & 1.000 & 0.216 & 0.025 \\ 
  IPO Transactions (15) & 0.278 & 0.106 & 0.128 & 0.293 & 0.101 & 0.150 & 0.237 & 0.080 & 0.215 & 0.292 & 0.118 & 0.483 & 0.432 & 0.216 & 1.000 & -0.094 \\ 
  GDP (16) & 0.427 & 0.629 & 0.582 & 0.391 & 0.427 & 0.489 & 0.255 & 0.315 & 0.143 & 0.128 & 0.039 & 0.019 & 0.184 & 0.025 & -0.094 & 1.000 \\ 
   \hline
\end{tabular}
\end{table}
